721
767
878
494
360
136
377
251
789
955
978
554
227
471
888
890
717
848
725
143
463
783
806
294
892
317
765
805
385
560
748
732
128
391
388
442
721
848
731
806
796
140
852
795
18
19
248
110
249
969
275
943
229
140
730
586
3
9
744
361
537
242
495
280
618
919
595
636
669
518
842
857
45
56
472
286
220
993
863
527
112
347
324
767
727
16
893
728
31
930
758
153
630
218
186
282
568
785
743
951
751
173
82
695
477
531
962
768
836
942
721
344
383
674
484
282
498
744
355
924
643
718
324
321
652
97
474
103
608
234
211
151
603
554
448
469
551
643
397
715
48
925
752
222
385
122
998
628
376
343
57
385
620
255
934
757
47
701
202
779
310
901
709
352
973
688
983
198
791
987
926
357
36
667
50
709
275
751
895
866
878
985
90
124
613
722
511
497
435
609
143
98
837
864
839
255
793
340
299
383
923
359
945
737
106
211
98
136
209
716
116
102
993
467
330
824
467
819
357
682
788
554
643
815
666
806
486
150
571
505
536
140
180
114
802
187
23
497
956
676
366
623
622
14
571
896
125
58
146
374
826
58
718
699
692
662
368
778
926
771
351
963
531
465
849
697
317
271
415
738
757
621
134
843
492
765
314
852
104
990
813
775
259
167
869
505
893
829
188
306
938
673
937
231
719
321
155
681
405
601
198
361
279
6
870
219
744
135
872
708
926
888
817
954
180
252
717
734
971
822
145
24
815
36
517
328
896
489
689
436
535
125
320
163
305
108
226
684
40
752
787
716
268
603
529
322
96
77
235
217
369
230
156
258
258
608
479
778
418
196
581
263
751
288
281
971
564
506
517
667
174
716
893
70
932
84
89
429
276
542
905
212
139
496
289
890
868
290
811
242
610
680
803
854
345
717
974
109
78
445
140
58
790
439
564
873
308
630
710
509
181
723
140
195
517
721
610
709
892
268
637
972
499
638
992
157
464
208
129
542
426
465
786
326
486
174
363
526
7
238
420
296
460
657
384
938
12
997
470
511
493
868
209
603
873
693
327
928
481
869
255
57
940
906
467
187
184
164
997
91
330
504
886
944
504
194
282
542
843
951
311
972
330
525
108
419
665
607
589
795
225
96
885
131
720
587
117
957
257
373
576
556
727
504
921
402
531
252
292
891
358
476
737
984
32
659
120
304
190
809
326
489
577
357
789
775
907
105
457
39
565
837
103
523
332
121
304
954
251
242
243
451
673
776
185
294
851
786
274
111
940
270
141
296
112
809
620
178
680
135
566
927
776
704
558
527
301
223
752
556
530
784
700
516
713
246
419
964
30
118
86
68
7
443
447
186
848
127
575
326
444
186
830
280
885
138
881
937
404
232
853
532
684
547
25
842
121
323
226
756
838
51
425
713
468
852
391
301
230
763
720
314
497
398
949
445
442
672
3
967
31
718
498
990
23
941
80
8
93
698
475
900
240
606
941
709
214
628
489
819
342
769
997
679
261
806
208
427
81
901
250
861
417
566
171
670
5
724
499
322
674
433
649
414
653
178
655
281
817
280
195
937
172
45
936
788
452
768
618
463
710
852
561
933
7
163
141
384
67
450
144
597
155
210
817
751
412
227
924
491
10
588
702
827
692
155
815
594
328
845
280
987
655
235
252
694
803
394
859
423
301
709
409
596
516
249
134
836
768
997
446
487
196
916
161
997
817
680
652
391
263
916
430
268
318
357
543
513
795
663
914
209
263
984
132
300
857
67
893
751
484
988
419
280
523
339
61
395
888
502
405
294
900
975
295
726
824
687
862
436
779
829
894
424
172
56
468
304
463
132
345
845
925
108
909
458
339
613
89
561
973
619
413
60
635
107
343
213
49
563
437
75
957
65
42
873
594
735
716
925
617
72
775
650
487
170
898
66
505
256
390
819
859
122
279
644
817
435
340
389
277
183
904
513
183
975
531
177
619
26
714
605
699
778
994
753
637
529
781
827
200
630
603
165
56
183
65
35
249
900
623
946
192
102
443
778
564
42
228
594
715
846
929
455
738
823
679
8
965
604
129
537
828
387
226
842
774
550
446
588
191
186
478
95
197
772
746
379
585
583
137
689
192
478
253
548
833
602
297
874
873
953
436
41
10
917
767
488
442
468
410
875
367
528
261
794
369
709
458
111
240
82
464
714
212
222
481
122
36
849
821
154
358
220
296
134
893
845
55
737
384
699
456
797
878
155
799
525
144
637
445
226
351
382
866
536
245
722
619
421
215
685
159
518
487
935
227
645
737
498
726
698
83
665
870
797
63
831
185
582
229
448
136
225
393
504
342
993
5
726
518
24
911
125
706
408
186
199
32
201
114
54
359
815
209
345
831
343
863
159
966
199
254
11
503
7
171
372
125
432
368
935
102
295
527
683
746
797
977
617
155
766
437
886
310
724
684
351
615
920
296
808
731
541
397
737
703
297
304
573
94
920
244
872
871
15
627
620
973
513
17
648
63
457
453
910
24
797
761
343
450
524
32
86
203
484
295
181
954
370
892
216
667
759
115
252
693
611
808
947
908
688
734
384
786
758
126
985
505
254
787
278
756
726
610
84
619
952
40
981
837
983
11
280
24
711
138
433
524
95
968
989
749
390
532
925
71
679
964
444
212
35
440
166
41
242
387
935
23
53
691
5
181
506
90
11
826
317
205
890
64
136
570
614
868
63
326
531
458
378
252
739
118
704
130
77
941
420
445
522
842
471
293
487
12
306
284
746
724
445
967
372
397
241
343
354
620
687
145
487
807
939
969
329
242
112
694
182
748
121
806
771
624
954
754
848
583
209
917
908
251
275
534
121
807
783
117
492
818
929
337
979
906
797
911
747
829
985
552
693
786
981
602
572
870
1
62
973
147
51
681
67
387
3
252
679
338
261
614
817
265
651
714
45
479
572
19
252
634
189
739
958
91
363
675
49
208
410
885
689
226
244
141
708
263
497
94
272
178
688
17
972
198
176
8
472
810
653
976
849
982
242
525
149
883
343
727
463
73
959
506
248
234
953
52
243
435
265
16
250
83
395
735
306
196
323
686
232
343
539
890
950
228
778
488
830
767
677
417
42
141
309
275
414
566
942
987
307
997
671
213
176
274
554
654
911
296
801
305
817
434
587
190
863
809
850
889
158
57
562
366
270
393
745
666
903
57
381
68
257
366
574
651
486
425
994
993
30
870
174
165
991
671
808
486
463
344
22
147
680
726
322
56
582
801
421
635
208
737
388
829
760
52
108
652
345
837
910
876
196
817
430
93
911
754
366
824
339
806
274
908
824
10
184
805
983
888
350
940
811
288
407
545
69
259
523
653
875
938
466
876
437
5
69
647
659
56
298
192
526
671
130
326
858
802
800
521
716
563
816
23
566
404
137
973
556
54
345
313
186
613
219
668
508
599
959
677
449
571
407
304
421
670
946
830
610
296
927
766
450
933
655
425
52
496
198
155
872
90
776
198
361
328
261
496
550
466
840
964
180
256
794
62
820
415
885
808
12
369
480
82
629
523
614
446
265
464
635
521
615
178
117
814
60
32
74
973
471
68
412
88
776
459
614
981
542
199
297
416
277
82
879
312
225
992
747
866
881
655
971
219
722
67
84
870
919
738
689
869
50
702
15
436
122
737
7
946
833
850
72
73
80
685
121
780
417
257
121
216
553
179
699
275
328
184
193
778
374
40
75
246
476
366
596
862
180
116
426
880
398
763
112
672
25
112
657
715
322
594
859
222
75
983
910
351
451
766
344
301
286
216
494
276
137
264
569
640
660
281
610
795
172
47
235
9
524
781
668
392
887
718
503
974
885
359
472
426
328
769
764
172
761
308
141
105
716
39
544
855
861
725
132
407
709
433
678
560
253
186
125
655
301
625
455
444
186
679
294
617
882
996
971
76
413
794
741
11
82
16
478
495
418
354
531
424
13
654
389
904
24
329
841
381
512
224
400
270
998
555
131
630
110
475
512
78
997
828
33
645
478
694
287
731
642
478
203
867
242
457
20
255
530
648
82
93
851
78
342
222
949
879
188
407
624
403
598
249
429
184
966
516
918
718
703
800
926
891
809
891
942
695
15
927
669
305
159
283
291
424
373
361
115
231
204
640
275
168
114
312
1
713
727
970
59
43
826
66
523
527
968
53
526
979
634
620
527
746
754
995
284
226
881
523
124
575
96
179
292
165
865
78
509
738
481
357
220
874
212
445
390
188
421
427
813
170
481
348
987
382
471
242
642
575
150
376
253
675
914
382
679
822
493
200
638
553
54
689
235
558
137
605
329
272
827
523
808
447
728
706
813
537
2
147
704
948
328
923
81
391
529
988
647
529
291
10
663
561
757
536
917
140
325
525
274
517
198
641
771
791
618
553
553
470
336
866
786
212
434
578
492
47
270
826
497
119
143
847
539
398
367
968
534
280
443
538
860
729
803
727
649
638
189
686
612
475
996
995
678
620
570
975
642
679
135
514
937
214
597
237
832
643
202
588
249
237
489
24
491
191
941
35
47
350
915
676
144
531
379
587
710
663
386
303
511
115
176
938
498
410
961
30
26
694
298
96
403
647
921
939
180
514
473
864
240
350
409
833
475
442
600
525
174
618
888
893
720
120
36
773
745
134
46
863
859
154
722
65
399
939
281
406
561
944
106
922
746
576
619
143
984
996
960
989
76
896
958
807
391
128
511
320
929
839
642
523
456
627
598
122
194
781
91
567
648
924
213
14
639
257
613
691
163
620
862
392
762
86
865
327
522
696
534
206
328
673
648
984
294
805
667
167
928
816
708
472
332
586
389
527
355
492
811
889
904
400
294
401
708
799
789
674
860
485
308
691
432
782
979
344
384
292
316
589
156
488
640
421
921
390
782
585
203
69
265
109
492
475
173
972
71
616
30
755
713
65
277
379
581
285
912
384
354
556
869
399
988
338
739
532
259
147
701
73
579
929
627
258
233
985
894
341
39
668
128
488
85
913
950
699
636
792
252
492
264
265
219
593
409
722
641
376
862
791
453
322
247
564
221
54
93
622
398
561
120
136
239
971
852
706
91
86
793
491
289
32
446
159
769
615
874
555
77
628
950
117
762
600
914
417
450
459
19
854
680
643
5
792
199
65
691
78
286
528
848
267
236
607
193
194
852
102
833
114
605
605
72
737
473
223
465
573
960
709
975
982
392
655
947
823
843
526
564
523
365
573
196
4
449
950
3
742
271
265
363
562
628
934
919
7
366
44
952
331
425
690
797
992
427
74
78
577
889
654
613
43
300
938
986
169
772
353
498
543
319
484
91
256
821
341
974
347
315
618
946
536
915
116
921
361
716
679
817
699
547
980
25
412
310
634
245
710
432
948
889
473
455
963
142
407
926
860
412
57
382
821
484
495
712
16
991
653
408
522
577
313
407
637
756
480
343
698
683
512
947
898
596
360
627
3
696
4
937
592
466
61
19
369
129
21
821
554
820
600
330
679
329
190
47
413
842
741
220
788
293
403
576
609
943
25
144
743
28
795
539
869
525
795
613
379
334
806
174
318
99
206
830
611
935
303
32
968
320
477
392
38
346
962
194
955
998
902
889
468
335
639
120
199
826
248
560
774
455
341
279
839
888
164
369
585
92
487
470
610
961
742
312
307
932
346
423
901
30
4
146
324
165
756
380
809
267
454
913
254
583
118
220
691
727
644
430
597
887
27
5
934
928
163
343
672
136
502
297
306
457
816
600
957
281
399
115
489
246
130
667
536
924
598
929
348
876
515
778
836
10
222
433
745
531
168
1
631
713
995
421
584
293
4
407
722
360
828
817
561
550
648
163
263
927
937
849
631
547
62
144
865
394
581
750
119
781
40
795
70
204
796
607
617
149
645
201
592
542
358
930
565
567
332
124
895
735
242
482
431
361
295
557
352
186
123
359
988
642
153
264
697
205
166
827
698
141
448
661
402
926
601
569
131
965
731
978
916
78
181
134
850
457
476
988
701
471
421
882
107
959
438
637
658
848
740
933
23
178
191
644
436
629
834
716
29
629
927
354
19
25
527
371
266
591
55
217
637
925
750
361
65
550
755
909
751
128
987
113
851
270
520
764
114
727
373
701
536
417
293
151
495
243
52
387
580
703
590
89
803
992
979
722
154
749
20
484
859
513
999
931
580
695
189
425
496
55
853
986
440
831
42
550
420
865
895
11
91
189
371
855
739
571
976
383
394
695
933
591
691
105
3
47
124
119
836
229
59
602
575
525
777
258
640
538
343
407
861
759
733
277
140
95
746
227
527
13
421
480
410
201
521
834
675
464
272
932
439
567
638
163
566
963
270
662
901
783
763
992
961
275
292
180
347
486
66
35
655
256
118
756
262
671
403
161
244
980
587
537
900
968
70
832
543
232
725
855
171
266
4
633
888
587
861
516
670
87
553
472
378
20
170
319
823
812
437
161
730
525
339
795
70
942
574
99
997
624
840
82
552
606
750
574
365
227
404
867
256
535
819
942
229
21
61
734
97
404
689
351
752
696
330
892
248
765
834
440
125
567
91
905
270
856
454
522
333
223
901
668
924
753
994
880
459
15
179
523
926
196
589
719
122
657
405
953
80
671
598
572
290
873
36
578
323
691
519
58
643
418
667
979
216
106
444
907
104
102
591
644
451
511
964
732
525
932
504
671
321
491
550
187
977
985
733
712
626
604
5
282
884
202
955
612
631
885
381
203
745
902
55
228
228
178
555
963
109
221
686
433
838
674
591
601
574
813
836
375
486
901
349
877
252
153
969
836
308
886
783
691
306
858
453
719
341
712
820
519
629
752
525
123
301
642
740
641
292
503
794
787
237
469
418
768
310
437
865
253
69
322
576
688
718
232
173
817
178
342
869
262
450
177
943
121
801
191
98
448
31
45
494
608
834
165
472
655
150
312
167
853
485
948
699
654
218
586
453
871
791
711
793
234
503
780
889
215
998
844
75
753
620
625
243
603
560
692
219
677
793
727
166
175
496
920
788
464
209
597
823
75
681
999
957
487
641
229
454
474
368
157
445
537
999
760
244
415
813
611
664
903
819
678
499
295
394
531
808
843
56
485
65
771
50
203
804
275
355
807
660
621
211
207
604
996
779
775
726
311
692
856
458
113
55
425
130
449
719
433
290
907
739
230
965
898
359
830
618
56
946
135
557
371
355
901
242
166
508
864
957
633
41
670
989
646
906
700
791
602
579
557
174
163
548
948
991
844
69
36
747
410
594
906
646
738
844
603
53
522
847
344
396
376
336
570
85
251
215
11
309
116
50
595
440
88
890
811
605
213
550
730
836
398
693
274
443
477
802
46
432
700
504
298
17
665
500
391
695
235
770
290
97
261
776
47
269
342
823
239
649
521
543
99
112
656
986
156
472
153
337
553
751
66
138
652
534
766
219
114
182
732
625
988
639
576
465
774
880
728
711
652
976
869
853
460
795
940
299
884
816
920
325
385
911
414
618
289
512
349
232
14
598
911
13
407
915
721
881
412
493
979
263
69
502
300
922
304
745
701
732
878
928
592
66
673
235
989
539
412
843
816
127
647
276
907
21
285
809
484
324
644
25
874
675
624
439
673
132
484
751
928
922
398
868
291
804
902
759
746
506
139
930
701
764
106
99
738
82
332
764
325
774
42
607
579
574
399
366
226
621
595
240
608
633
592
520
95
191
739
48
410
490
976
659
487
195
274
983
945
827
382
297
320
707
650
843
567
252
408
184
458
299
793
985
346
372
216
816
447
559
468
328
481
856
353
120
266
568
19
741
283
34
128
868
458
872
361
777
533
811
77
329
542
857
811
284
714
448
129
287
263
177
310
934
554
560
272
366
755
472
426
207
310
483
422
921
166
607
459
766
695
292
819
557
408
842
756
791
516
696
153
346
924
215
100
707
370
493
610
920
324
21
795
755
139
315
92
915
304
13
363
189
626
621
334
120
174
980
465
165
563
241
658
525
544
278
210
996
877
299
763
428
803
332
216
957
745
517
574
527
388
199
653
994
890
882
418
749
778
434
581
259
180
38
449
627
673
291
773
926
838
503
7
244
827
33
496
391
74
54
279
969
870
543
830
210
434
454
731
905
962
191
540
947
866
748
971
546
898
480
441
181
938
885
378
629
776
568
532
311
115
402
21
237
650
746
353
936
206
494
253
128
161
281
987
787
338
926
690
636
599
650
856
251
189
984
559
827
318
838
642
688
671
556
299
591
109
725
882
176
172
214
291
190
36
403
389
207
24
65
387
110
372
158
73
254
538
204
236
689
905
981
158
119
379
857
684
202
314
402
686
982
846
560
459
814
29
153
87
337
47
544
986
636
61
566
101
561
22
286
915
245
454
442
258
223
11
876
494
979
580
943
544
791
697
347
272
85
746
662
596
327
909
432
867
9
238
840
986
352
173
26
50
569
679
586
917
492
498
825
555
318
82
342
285
422
600
721
125
591
117
720
936
180
891
844
17
331
404
398
900
168
674
827
739
82
98
591
944
170
189
438
320
679
397
349
704
679
400
790
655
384
980
362
568
653
800
449
794
436
690
694
53
548
106
150
731
259
498
86
801
565
936
900
129
978
818
686
582
150
157
703
10
492
554
1000
999
860
846
347
96
521
172
722
100
672
161
270
599
770
963
340
44
466
119
730
58
730
245
831
858
312
275
712
267
246
923
22
762
127
809
981
801
37
798
168
530
920
186
808
265
673
777
907
291
636
93
233
271
436
371
810
128
944
669
396
292
347
11
168
708
530
927
723
383
486
812
835
85
601
738
159
414
341
233
305
837
344
870
912
956
12
327
837
893
35
927
631
330
263
783
26
801
863
586
250
432
998
146
950
881
542
388
48
490
850
261
489
419
688
928
24
821
93
565
387
420
755
639
310
104
846
10
528
158
140
990
182
774
354
773
519
824
499
669
574
280
739
323
302
939
426
653
464
469
165
145
871
361
518
639
805
756
211
135
990
230
492
801
274
902
438
208
785
289
77
977
494
150
430
414
790
97
946
569
610
282
502
199
575
41
159
555
831
57
204
892
209
958
788
685
763
532
69
678
559
717
278
316
292
95
637
442
67
264
682
682
434
582
405
972
550
440
611
33
465
586
939
476
211
401
134
846
668
476
205
797
551
602
997
705
19
502
573
555
467
820
40
818
589
959
654
922
944
256
477
251
798
709
44
12
249
227
136
298
602
818
936
249
796
524
947
373
207
441
386
709
185
298
399
333
911
223
380
407
401
615
617
717
563
396
701
686
911
513
757
91
720
105
155
332
314
430
246
555
917
186
663
669
904
117
332
872
923
763
869
886
76
89
339
821
875
908
952
824
65
31
346
773
755
439
298
3
757
628
25
840
81
94
953
5
222
889
905
727
685
351
347
75
263
233
23
837
3
266
763
812
220
567
322
397
966
278
824
403
225
851
984
824
462
657
460
827
454
371
196
310
586
527
19
314
965
683
634
809
70
336
231
248
178
255
913
975
286
444
130
7
482
198
447
439
432
143
996
210
484
407
128
224
366
607
960
7
562
356
200
479
561
307
667
655
944
227
371
911
86
539
716
619
340
393
539
224
253
588
869
62
700
151
634
98
196
43
368
927
962
911
715
841
871
775
170
941
91
166
69
48
267
512
674
43
91
329
919
992
758
612
26
523
674
233
141
720
49
927
981
109
769
433
1
347
421
215
311
375
613
4
594
343
305
456
968
243
107
569
104
898
833
179
320
22
226
913
621
581
896
142
492
333
827
557
701
386
647
129
31
183
196
106
206
744
635
317
609
535
432
974
176
371
306
348
899
289
176
162
430
670
718
606
425
474
316
279
347
106
848
216
334
603
130
947
701
694
165
20
458
564
654
267
29
55
388
269
311
314
296
40
893
430
342
209
239
275
505
396
864
575
196
167
848
270
829
228
396
606
420
89
623
605
417
205
570
409
60
937
272
380
838
472
789
266
37
92
556
329
476
383
246
876
728
492
776
876
695
592
54
955
460
87
188
766
397
927
996
398
422
531
665
339
206
485
530
806
526
492
714
849
514
613
516
782
88
713
179
873
646
371
288
178
784
804
893
811
494
77
214
74
396
1000
503
195
76
388
296
526
222
635
158
408
743
601
899
641
423
603
885
273
932
586
12
7
365
251
677
416
913
52
316
584
869
516
950
105
788
280
156
725
232
438
579
633
439
295
457
912
330
270
786
16
559
968
208
310
662
575
937
273
920
15
626
93
947
291
586
335
242
981
89
752
65
489
55
536
655
340
953
680
892
446
5
323
226
705
847
906
7
509
109
459
608
746
501
589
122
209
158
291
826
944
755
450
333
832
700
17
89
788
447
164
826
687
212
613
584
746
830
888
86
362
981
704
350
146
112
307
615
522
983
311
440
804
167
744
279
94
503
776
290
433
671
153
959
197
505
114
135
711
215
787
724
616
260
934
180
627
927
932
854
954
945
481
849
989
344
38
827
305
676
513
271
601
478
195
984
196
281
446
602
403
392
672
544
244
815
352
879
271
582
524
82
925
976
749
479
432
634
328
990
812
238
481
154
440
71
598
672
336
839
77
261
890
133
499
748
218
818
146
812
69
282
518
919
535
896
109
15
337
961
849
852
242
771
675
777
593
663
949
236
716
209
51
379
944
360
799
532
494
449
449
869
910
54
47
938
963
28
270
213
403
738
549
912
513
101
378
374
104
912
740
335
822
713
573
610
274
439
217
45
380
79
799
640
184
998
443
655
927
233
213
30
346
464
914
951
171
753
404
574
458
440
105
878
368
868
173
565
780
709
789
794
784
146
682
511
559
703
653
313
309
307
877
212
634
879
682
68
901
739
629
590
18
715
822
45
647
206
849
864
825
191
606
776
253
204
100
296
469
932
250
957
850
502
802
909
817
452
34
316
603
406
167
377
28
235
680
767
488
131
652
423
477
295
986
939
433
138
227
717
505
129
590
590
842
821
8
35
656
178
133
786
633
927
903
682
69
222
642
952
485
462
858
806
116
595
666
14
422
328
314
140
788
674
916
809
697
917
251
12
437
125
912
123
83
251
418
951
240
895
297
573
75
604
928
705
547
247
925
557
738
249
341
271
556
884
433
745
987
578
687
370
91
361
383
194
701
339
507
298
578
834
945
626
62
697
576
356
646
989
253
21
399
50
97
220
141
594
40
371
316
464
969
747
663
91
77
596
259
822
990
865
958
764
317
66
41
153
640
971
864
987
654
314
746
783
456
894
441
728
615
58
296
435
524
785
356
46
423
444
376
334
983
183
401
712
290
673
986
415
755
698
397
188
918
39
791
964
520
793
343
731
543
203
651
718
787
610
342
102
897
927
514
921
50
272
822
650
580
837
316
160
660
469
26
749
39
1
706
917
60
512
952
166
399
866
312
78
916
97
674
560
758
328
235
17
116
343
465
623
726
799
242
424
714
264
970
48
141
907
679
669
528
753
802
717
681
714
757
823
747
177
659
871
619
460
753
714
255
234
135
833
413
54
378
115
222
448
657
587
733
690
74
465
968
151
929
228
882
335
572
813
938
240
62
399
427
679
518
738
305
260
939
574
77
139
598
45
565
799
268
881
403
265
551
589
896
982
728
88
29
206
675
195
310
969
46
796
564
492
911
811
645
985
242
338
849
773
892
809
308
802
782
15
427
613
433
453
973
378
523
244
904
619
700
311
420
463
648
115
128
864
272
34
95
765
535
487
790
845
574
244
645
221
508
304
592
945
854
644
105
543
727
28
620
673
156
915
327
208
302
959
43
518
973
595
451
964
54
579
104
106
601
450
830
805
113
80
991
546
680
296
290
777
599
741
760
284
527
868
899
375
591
708
763
658
946
658
669
482
20
945
50
302
673
319
690
756
434
715
140
755
517
651
827
964
247
265
990
794
65
253
716
920
221
558
25
617
195
714
690
715
380
814
673
5
602
223
438
743
194
878
546
161
711
657
384
460
692
391
347
644
70
740
638
311
932
634
36
215
355
928
669
179
826
804
801
68
119
205
852
675
93
324
70
344
915
168
974
853
353
640
954
312
393
3
957
456
584
83
174
231
352
240
89
750
91
553
637
70
6
982
49
362
512
569
731
587
893
402
239
363
67
386
104
418
416
167
342
911
574
726
532
758
101
54
396
88
147
65
34
440
730
686
162
602
230
209
903
566
513
21
953
762
173
64
425
269
670
68
308
528
729
389
746
903
845
94
42
565
925
190
524
398
38
344
714
733
819
305
651
230
819
571
62
46
260
262
816
886
286
533
3
255
774
966
835
783
5
547
813
729
125
894
694
163
360
882
557
81
292
116
174
655
823
728
4
923
315
320
658
89
206
23
407
152
904
932
100
401
10
618
522
976
416
588
549
860
930
854
855
816
773
367
322
868
304
970
30
997
662
99
547
728
744
918
196
319
188
996
672
578
118
719
678
703
313
493
324
108
305
521
220
704
240
692
868
225
460
91
576
529
194
610
654
746
681
182
318
152
709
968
420
174
454
182
516
720
340
235
304
183
785
895
305
212
76
673
31
644
669
160
111
73
74
817
560
537
117
787
642
287
831
6
268
192
566
386
608
392
742
828
613
459
335
67
488
559
434
753
817
678
169
853
725
162
458
5
469
977
568
624
666
688
39
722
756
292
546
281
350
555
10
308
711
57
652
331
431
543
888
41
75
926
210
982
392
568
335
553
376
55
54
363
788
776
64
70
367
479
733
669
746
582
613
325
161
384
447
761
313
127
618
403
844
861
517
110
779
88
901
633
846
623
835
494
499
233
887
56
209
549
869
314
352
43
594
997
992
385
211
650
938
274
850
573
534
242
359
10
322
780
943
130
275
52
915
381
139
376
671
915
352
657
645
334
349
928
429
591
143
931
844
513
990
198
279
771
454
406
450
446
561
562
409
606
410
306
897
150
9
273
868
764
158
55
240
459
420
879
291
696
451
160
429
724
577
438
74
687
183
552
515
206
268
364
95
611
120
327
187
459
311
705
667
22
96
356
315
775
576
509
919
58
664
820
508
237
152
766
105
359
446
274
341
870
471
944
350
677
361
660
203
641
699
410
551
765
321
980
339
324
679
735
422
907
514
652
315
833
14
866
528
382
855
8
902
657
583
608
658
950
392
927
519
260
591
417
557
981
958
114
314
710
605
775
699
702
540
979
296
212
22
950
929
201
21
95
433
124
943
538
997
636
842
828
897
32
449
883
696
274
43
211
197
699
996
827
779
256
138
350
749
545
118
38
259
90
5
514
113
587
579
376
566
954
131
870
606
985
820
138
612
9
107
658
176
157
241
510
257
100
122
105
343
830
530
766
303
327
387
710
116
98
751
176
86
557
222
458
690
50
453
308
518
69
595
972
359
225
161
579
297
110
630
679
818
213
956
490
955
772
66
847
140
36
583
500
667
223
200
883
697
120
70
891
361
835
399
404
550
899
919
712
552
322
963
316
442
547
681
934
915
915
871
984
486
310
479
234
473
662
228
142
295
183
101
861
458
589
338
367
489
191
463
664
473
877
172
517
67
84
254
598
290
290
838
446
799
284
276
901
363
534
760
303
360
106
348
612
284
89
113
328
547
576
725
38
64
282
166
598
104
395
614
414
44
524
762
404
105
146
65
745
109
985
53
528
175
263
801
950
859
323
88
60
762
555
109
544
858
157
221
634
63
973
973
402
413
926
256
358
529
412
273
857
99
653
890
936
402
504
919
758
236
965
10
287
488
92
276
153
331
226
764
630
579
518
791
390
99
658
596
834
131
869
546
179
930
525
73
233
99
978
282
871
211
381
804
404
651
927
324
989
413
750
160
141
415
498
80
214
15
390
313
857
50
306
48
194
358
494
999
543
520
184
663
527
562
134
2
415
541
119
627
991
167
428
709
700
736
805
468
39
7
293
172
882
852
31
917
442
250
26
367
127
715
984
992
953
463
821
895
237
323
114
892
789
770
40
166
342
163
922
112
323
342
404
353
262
932
528
574
135
970
159
679
173
449
84
275
409
342
580
328
922
753
330
507
698
564
855
312
416
450
894
775
631
761
502
667
940
589
200
808
829
227
256
560
484
335
297
226
146
338
873
617
897
475
924
76
394
408
180
447
365
82
861
829
15
195
183
519
678
829
605
486
664
464
626
417
705
327
459
915
282
735
991
293
311
941
835
867
953
499
219
822
34
119
691
702
424
97
859
417
560
862
417
868
844
437
664
684
327
630
470
946
884
466
963
849
431
795
597
693
211
448
593
226
947
789
715
78
276
957
303
116
935
173
481
486
797
967
502
94
178
423
461
417
676
702
120
80
701
768
484
941
140
764
640
982
107
224
491
305
993
510
654
965
22
118
224
568
279
705
184
730
512
592
565
485
198
575
650
840
839
914
21
854
360
2
94
104
774
219
493
444
465
173
252
287
618
830
468
86
230
432
995
925
458
684
330
163
46
522
349
906
174
348
180
854
499
78
407
378
873
268
430
577
593
705
301
967
703
966
711
53
910
15
666
931
495
406
512
253
456
459
822
989
521
809
396
865
97
733
461
976
152
965
361
230
302
515
470
609
72
125
926
792
971
11
89
263
920
524
738
177
320
636
176
11
969
494
355
921
63
210
814
631
790
156
972
118
730
249
786
713
946
374
68
531
753
111
204
358
940
528
494
746
306
684
871
473
229
815
219
843
207
794
21
163
167
579
353
877
315
606
190
130
656
869
447
658
572
695
392
828
165
656
158
69
946
748
303
394
655
617
57
132
94
616
566
872
856
423
885
127
228
87
956
609
366
245
401
537
585
824
744
565
719
790
183
292
884
922
301
204
635
318
177
391
80
505
862
449
237
677
92
289
1000
391
778
193
225
908
303
764
642
629
489
388
415
7
676
348
500
81
652
872
150
627
6
160
442
919
976
643
449
327
721
661
29
315
787
415
845
36
165
856
668
610
941
653
880
303
363
130
231
710
840
925
331
475
661
387
750
465
488
793
393
418
674
553
854
22
516
63
157
731
807
783
435
220
258
350
703
314
246
905
23
660
222
637
71
764
98
492
801
544
483
360
232
602
745
448
854
628
95
317
710
395
744
15
804
55
179
857
584
980
522
629
433
784
57
405
110
793
25
887
736
354
852
196
947
546
163
502
539
50
522
756
171
737
933
331
9
278
53
730
854
328
323
90
505
149
629
248
227
37
398
497
949
907
199
697
925
136
699
615
304
923
681
329
553
417
530
271
528
821
963
22
597
724
764
300
460
719
462
947
675
726
732
45
901
334
944
234
715
935
407
720
913
196
838
599
12
719
859
119
875
944
841
513
843
178
883
720
236
547
849
962
489
110
408
382
477
983
492
748
872
738
209
923
506
864
975
491
182
55
156
632
687
684
867
423
1
72
522
80
422
148
953
168
617
371
734
474
183
907
542
394
801
94
246
702
902
659
695
889
150
661
56
725
737
309
965
795
493
696
350
338
223
207
874
195
817
327
538
901
201
917
354
409
98
800
722
836
395
10
843
156
78
900
860
73
524
365
644
714
803
151
938
577
105
111
569
572
602
191
391
1
917
145
325
85
646
714
560
561
412
120
717
273
346
42
4
266
915
627
411
728
422
714
676
41
10
761
985
434
194
719
955
315
73
116
161
609
401
481
382
169
373
858
811
596
999
417
196
331
956
384
351
864
931
259
870
470
180
263
630
911
53
643
840
664
744
138
204
258
336
881
710
304
786
115
905
528
177
111
815
648
257
994
627
319
613
511
149
565
629
200
468
767
295
911
115
339
413
389
866
564
423
846
501
227
223
791
105
522
379
494
218
942
192
13
35
49
617
938
573
640
615
237
616
288
570
22
567
472
54
627
861
483
73
36
238
956
720
323
825
526
714
67
417
767
796
340
779
17
779
231
650
285
240
36
885
380
125
598
202
923
294
456
43
482
675
687
607
145
945
59
940
927
457
962
664
617
8
603
575
644
861
676
991
39
882
785
71
879
850
506
14
936
832
695
248
389
120
242
306
125
663
713
423
834
228
103
3
575
370
438
700
37
110
860
873
130
147
911
203
255
925
573
832
372
650
372
686
346
188
315
36
36
444
435
732
611
793
918
373
645
13
178
661
1
48
570
324
290
670
18
716
678
867
44
436
409
815
516
299
683
333
852
921
186
197
597
921
45
105
763
91
815
221
323
855
660
815
572
876
459
486
167
534
736
344
492
909
13
139
162
946
444
556
619
213
916
830
82
329
309
227
10
585
257
750
124
452
618
232
140
380
794
673
561
765
626
567
359
456
387
266
571
967
299
288
250
675
732
619
62
865
71
16
918
747
560
140
361
330
86
807
719
714
745
546
340
206
464
340
258
506
375
776
10
47
626
459
438
304
320
345
382
580
694
215
397
837
446
307
7
213
85
879
169
24
798
133
725
332
246
332
361
220
317
609
227
109
997
337
747
968
283
850
853
254
535
249
193
170
769
422
657
815
666
893
62
514
980
685
263
507
167
411
728
357
737
913
771
93
1
991
389
791
57
835
623
795
973
669
159
895
100
75
443
22
26
620
50
646
327
448
487
863
296
500
139
176
136
268
773
875
642
912
448
216
558
73
865
296
246
765
764
496
651
957
602
117
473
48
337
998
532
241
672
101
957
204
565
400
485
758
694
28
84
145
656
241
350
798
367
552
420
765
970
608
810
593
690
880
930
279
687
904
77
300
191
312
113
894
388
530
899
291
177
299
322
54
673
548
254
936
907
831
411
810
14
397
750
1
693
316
410
138
255
910
671
101
487
133
57
919
714
498
832
823
754
44
961
834
454
350
712
385
187
865
88
312
492
185
425
178
89
428
965
48
479
548
167
272
940
806
208
274
277
731
792
958
590
452
157
185
645
538
954
607
427
499
935
338
456
465
889
384
610
164
663
10
545
528
368
897
595
873
571
452
543
562
61
268
496
478
905
432
944
542
319
916
686
928
636
676
470
457
921
191
435
689
875
391
995
396
974
908
183
289
782
992
405
340
228
877
693
390
778
579
796
28
675
558
392
637
922
91
265
692
213
227
560
358
517
337
127
221
877
461
308
355
37
267
380
290
898
229
248
448
427
277
814
889
3
63
646
348
398
683
7
39
649
200
590
615
731
284
74
687
242
864
335
425
443
264
438
979
98
769
965
361
186
491
520
793
601
685
787
731
627
959
970
270
122
507
240
56
159
237
736
670
63
82
972
433
365
364
888
218
96
283
137
820
656
848
71
239
99
595
572
821
86
364
128
365
626
766
83
302
541
703
437
469
442
733
726
951
838
355
349
738
392
736
151
813
884
912
703
72
507
324
428
87
843
589
571
600
839
350
593
795
795
999
869
113
518
782
241
653
867
32
75
336
934
301
372
369
272
977
452
849
727
622
319
787
398
31
176
722
844
784
497
710
291
449
500
190
175
665
857
865
664
319
69
1000
806
932
115
723
969
180
657
419
266
548
930
399
138
101
643
969
61
134
949
368
89
416
878
640
705
162
515
782
489
989
790
509
269
738
896
919
114
856
388
149
353
874
160
335
179
852
664
519
550
38
185
295
19
233
919
259
888
486
419
905
65
718
660
613
310
596
480
185
496
143
480
514
502
595
646
301
303
287
635
328
107
546
305
262
763
143
90
850
201
799
396
853
132
853
313
674
916
964
143
390
479
477
184
445
534
525
239
31
920
451
384
274
680
71
650
369
629
550
877
106
510
378
74
150
464
239
491
897
917
544
903
569
227
703
802
779
510
459
511
112
715
852
203
151
338
858
296
125
438
451
490
191
717
260
345
872
183
271
324
782
61
74
750
998
607
816
920
208
833
185
811
541
683
605
488
636
556
974
622
853
498
538
454
221
937
175
702
135
142
418
777
692
734
440
592
873
688
813
919
911
851
435
806
912
365
674
978
381
242
166
648
621
885
62
253
631
870
681
213
688
656
451
318
416
37
453
256
535
913
690
451
358
920
957
525
447
773
16
775
438
248
664
258
457
866
964
739
91
304
276
961
582
538
551
743
782
551
756
106
411
983
434
888
543
92
123
475
358
750
339
729
522
266
542
321
70
278
887
604
763
971
902
774
822
544
177
696
322
103
947
579
746
542
169
674
215
604
601
780
583
549
598
189
127
748
502
513
207
509
612
668
59
836
1
641
627
765
998
580
880
65
164
998
398
33
757
13
777
762
563
117
632
318
869
247
655
379
43
93
536
914
519
527
225
326
627
781
616
494
809
465
435
633
365
591
77
69
967
517
771
932
717
945
436
564
605
44
758
458
160
457
502
954
99
369
743
645
446
166
76
975
695
786
464
651
785
787
402
558
341
709
735
733
115
429
552
180
970
742
698
188
35
217
884
352
500
149
410
845
976
921
784
571
475
394
347
236
420
134
586
287
915
323
762
985
137
836
246
850
151
633
605
583
351
707
926
89
543
529
766
162
956
129
170
343
802
294
648
54
882
778
760
789
164
41
320
700
308
611
468
497
401
195
69
567
440
544
40
9
751
279
767
872
822
451
437
519
248
187
459
423
806
350
160
140
933
613
413
43
230
700
293
286
219
639
619
750
522
38
263
148
337
101
353
4
153
442
310
726
688
939
487
690
806
563
902
391
225
593
772
224
652
854
14
957
394
641
246
297
769
296
286
661
905
205
495
272
923
626
807
641
510
923
153
379
621
527
895
163
333
402
34
665
762
634
466
9
297
212
457
925
408
283
945
137
754
604
422
634
183
920
934
115
344
871
21
510
111
606
597
884
772
828
131
201
557
407
181
631
37
286
15
229
653
714
988
675
961
870
450
781
681
512
398
594
255
355
351
679
504
962
199
709
555
731
243
388
87
334
75
954
218
553
229
853
963
65
892
1000
297
7
878
645
677
500
540
7
953
731
818
779
964
329
694
739
734
251
149
726
429
589
129
984
387
314
263
337
654
661
12
636
95
739
128
214
798
882
995
441
978
762
339
125
343
679
752
562
760
160
791
516
884
335
898
90
964
229
1000
453
322
930
729
226
374
149
770
413
170
294
623
146
429
598
726
760
493
415
1000
389
525
478
283
632
358
737
202
959
210
838
638
165
964
90
333
47
786
499
449
348
508
211
468
567
855
833
207
930
242
61
914
929
626
824
493
344
761
702
813
433
41
169
363
486
614
195
502
831
473
152
49
385
728
93
223
716
155
689
298
375
266
174
795
441
547
980
779
934
335
339
856
701
276
522
876
659
741
825
920
134
861
159
805
655
114
745
427
908
54
48
906
849
346
102
269
939
123
700
704
536
118
979
726
919
751
157
701
424
101
967
77
199
714
310
315
266
54
730
44
204
995
131
68
709
628
671
479
512
166
278
551
546
872
210
852
226
383
470
929
73
586
905
227
70
85
407
725
302
392
21
494
95
143
974
396
720
981
207
322
103
185
596
357
766
739
53
676
723
40
704
701
882
760
404
325
425
849
383
640
943
589
277
470
418
566
189
510
93
889
458
20
266
448
155
381
137
290
751
652
317
13
153
526
335
812
787
903
962
979
402
447
714
551
62
23
105
171
532
293
176
308
570
400
46
606
479
509
320
424
45
935
773
3
371
741
725
360
963
46
93
990
260
304
978
627
173
917
288
122
103
727
541
843
38
370
775
256
84
271
438
971
946
498
263
941
291
65
486
977
511
349
488
999
257
357
154
213
365
365
578
656
762
190
664
992
503
822
328
297
998
672
214
646
586
239
542
200
758
221
24
452
843
280
149
786
477
923
112
465
491
618
588
897
953
286
653
128
19
145
733
806
969
524
919
308
738
924
40
359
606
708
862
691
540
59
464
874
540
438
56
500
34
1000
753
792
615
69
329
376
334
742
460
890
392
527
866
819
533
117
270
287
56
123
932
683
53
107
383
564
353
825
644
232
54
499
622
569
210
445
183
626
755
810
295
298
281
268
860
894
23
68
463
963
408
93
950
25
642
659
964
147
42
233
721
890
532
632
447
257
252
156
858
572
214
191
907
530
726
673
898
377
829
239
805
264
458
176
169
855
976
487
595
443
633
299
404
151
119
90
479
724
834
43
752
648
964
179
107
645
685
312
270
344
739
953
308
954
993
958
567
139
907
956
50
450
108
369
944
73
292
845
571
893
601
913
541
868
544
226
868
111
384
165
526
919
284
983
538
523
939
292
70
519
318
421
850
601
909
791
897
13
966
334
831
849
707
17
659
98
902
838
322
221
108
894
421
850
324
323
473
946
355
678
721
465
797
966
74
278
225
91
771
336
697
320
990
99
181
254
935
288
195
261
105
730
69
261
839
461
960
195
366
921
196
848
900
452
140
131
164
205
324
39
514
508
162
263
69
616
379
61
62
841
867
818
868
123
79
72
297
292
747
755
732
92
339
949
371
563
48
737
533
274
418
968
650
647
516
71
104
979
137
418
811
824
520
801
951
804
830
256
117
3
537
637
208
705
845
299
723
132
989
291
881
559
471
330
848
923
628
581
522
353
554
25
906
443
424
727
872
448
974
476
249
910
735
959
22
225
300
28
822
74
846
141
891
875
183
200
430
406
301
788
288
213
644
765
879
229
751
79
617
100
643
815
231
9
120
924
89
114
589
581
186
688
511
676
592
808
733
624
378
243
315
272
582
908
553
987
990
665
504
13
406
667
937
396
325
944
977
537
318
504
20
121
546
156
541
339
611
890
943
548
567
517
755
838
303
674
359
367
316
13
775
70
965
922
795
40
86
799
69
88
889
78
541
662
330
553
939
678
633
310
191
473
257
674
208
65
576
482
968
533
715
324
97
676
200
84
191
247
47
722
880
583
501
569
836
750
158
267
709
985
806
159
107
762
653
853
607
245
853
880
354
32
321
714
417
13
451
670
999
812
546
910
39
49
191
988
564
62
786
934
240
25
534
467
605
429
877
33
827
342
129
481
655
710
385
11
172
189
148
387
192
829
613
237
542
27
354
180
555
73
715
14
991
113
444
59
514
340
207
852
97
761
817
737
740
425
111
123
981
494
973
608
710
204
106
900
343
352
508
572
124
877
707
886
183
821
685
269
735
140
182
633
348
249
617
67
157
422
959
430
848
142
498
928
117
382
151
703
384
116
255
137
530
724
216
460
27
34
172
933
446
537
918
572
80
18
748
107
430
856
357
431
170
784
625
784
9
231
887
243
757
515
415
198
802
123
309
75
607
91
854
654
444
471
299
249
930
832
887
535
42
213
646
940
598
697
540
155
782
258
102
554
9
226
993
96
513
606
670
567
64
580
647
125
116
537
17
996
637
480
165
192
935
583
597
825
641
860
431
382
392
332
241
658
352
484
841
219
273
697
751
556
962
697
851
173
12
588
788
481
69
453
4
797
576
483
533
776
134
645
15
13
363
802
642
341
247
469
403
18
311
255
829
614
775
183
885
643
399
644
641
612
351
12
581
759
896
829
252
854
505
512
928
819
122
173
807
121
241
857
378
97
991
77
322
122
101
9
449
522
600
93
395
545
751
215
383
421
45
504
190
351
79
441
582
844
139
252
187
32
187
677
539
397
653
759
724
706
392
995
765
199
437
331
734
308
151
468
676
456
521
146
517
263
59
189
68
861
312
833
2
784
471
924
745
634
692
521
142
259
355
937
531
445
440
41
766
809
861
902
65
47
313
53
526
658
498
687
47
322
631
98
696
851
108
243
186
299
74
350
580
537
290
792
559
513
710
844
231
68
949
626
738
572
825
670
550
132
55
988
923
662
746
377
953
695
4
308
631
509
914
348
410
208
738
243
535
382
124
600
437
409
338
530
378
659
453
8
336
162
982
686
59
286
278
450
706
102
683
925
271
411
663
797
821
613
654
918
557
825
308
545
789
284
416
301
717
465
249
713
128
470
660
611
820
237
967
331
405
302
133
529
36
442
959
790
103
914
955
638
182
142
323
786
321
369
644
756
625
361
641
403
570
605
4
159
113
976
457
278
48
74
975
757
787
549
68
818
862
188
588
310
469
24
573
928
199
388
505
860
904
448
481
27
426
996
555
892
167
138
800
80
886
53
181
419
119
505
299
919
229
496
29
562
935
131
254
55
274
578
36
658
391
178
909
253
292
733
828
920
474
512
760
549
763
149
577
785
381
537
64
303
592
72
547
23
231
276
849
787
126
989
232
113
985
98
488
981
845
205
363
870
62
701
852
409
83
909
554
971
129
754
663
967
163
969
185
575
307
559
460
808
1000
786
681
566
291
765
512
78
247
625
445
715
950
598
410
399
698
129
137
803
567
239
444
899
634
928
331
376
181
335
9
761
866
621
484
996
9
366
871
349
152
811
574
249
46
838
213
829
485
229
148
519
538
477
963
670
617
415
654
846
201
728
566
211
794
171
340
423
751
625
506
262
987
649
904
774
988
122
664
45
783
517
503
506
614
263
704
461
413
68
46
659
29
456
669
674
146
470
982
579
328
307
718
317
5
909
497
189
842
574
776
947
283
460
645
713
921
242
558
229
209
1
622
421
635
120
531
826
32
396
13
788
336
1000
997
341
208
861
421
827
333
796
937
69
967
664
890
510
701
522
107
359
833
820
858
95
975
63
837
614
767
127
501
991
509
19
484
740
449
427
71
995
168
195
64
509
247
444
786
631
382
674
305
66
305
736
726
950
606
918
821
603
276
53
387
919
657
609
535
892
349
485
291
481
888