223
791
531
146
85
599
958
482
586
381
377
882
573
333
292
340
126
930
595
363
165
839
516
811
356
941
945
919
103
290
329
350
980
474
649
512
373
349
719
666
395
781
471
116
60
50
862
724
405
795
164
513
738
571
231
5
786
694
322
71
96
535
292
765
916
991
413
19
905
828
363
210
967
116
795
416
896
804
340
551
168
977
925
365
285
298
102
16
462
360
427
427
920
347
357
498
596
755
75
134
740
624
335
197
540
446
955
769
405
280
65
283
484
320
338
68
138
424
854
704
357
544
434
751
891
516
176
649
878
233
576
486
299
700
988
775
965
848
722
340
646
778
482
867
950
882
495
506
244
1000
123
481
41
313
226
943
604
405
401
95
768
854
919
838
73
126
49
700
69
341
828
389
296
630
19
531
264
373
17
738
704
984
88
47
255
55
200
478
8
593
467
119
988
724
917
107
667
417
113
561
538
826
342
807
551
48
584
831
616
181
987
113
545
131
827
623
571
87
390
321
482
678
667
396
575
370
12
17
597
448
7
632
279
178
115
392
766
452
725
852
584
645
937
747
635
540
374
707
202
372
386
75
790
54
149
972
142
873
882
332
529
617
720
247
608
521
335
153
657
342
757
772
630
97
464
843
427
672
270
801
382
827
992
849
506
750
925
475
156
576
170
135
990
750
720
313
865
364
390
129
109
129
93
701
564
918
483
622
597
420
166
892
365
199
674
231
135
58
622
843
708
696
185
94
630
860
842
586
902
390
837
634
133
979
241
186
312
119
638
31
756
354
100
904
929
940
342
160
188
102
6
537
20
695
602
311
245
519
924
94
467
340
495
200
734
662
413
31
540
113
293
828
709
215
290
913
448
191
271
505
938
150
367
850
654
24
369
148
840
203
1000
609
772
785
72
369
740
200
156
624
638
23
805
494
947
447
253
380
284
403
234
758
912
86
797
161
824
504
154
170
435
484
715
736
997
585
381
215
610
331
779
162
321
757
9
308
227
510
737
795
579
189
313
322
103
810
982
650
181
794
514
484
385
558
664
581
810
649
136
30
29
884
206
551
360
568
525
760
329
888
321
588
183
104
330
514
286
389
573
137
568
491
900
655
335
901
525
750
415
780
296
980
640
47
385
805
761
260
870
127
712
632
491
610
518
896
305
562
463
901
29
82
559
22
628
79
680
148
172
622
136
663
510
667
231
408
664
111
519
51
495
341
244
900
425
65
395
154
120
669
574
132
691
530
245
167
798
407
369
345
602
249
417
693
400
87
936
139
126
633
142
331
876
949
938
318
152
725
537
418
285
80
664
400
778
691
758
619
767
604
621
638
771
243
655
651
721
974
524
596
488
511
737
472
345
140
589
292
644
346
646
522
187
151
41
99
512
291
158
517
570
642
817
769
586
169
148
811
645
282
722
583
418
421
806
661
155
853
890
768
288
557
693
224
502
69
916
906
103
789
48
545
956
532
8
468
5
445
349
252
216
479
907
695
600
504
728
22
989
253
93
551
177
56
409
760
395
751
797
769
628
957
746
428
719
351
471
412
630
941
710
351
343
570
78
962
277
34
179
751
763
584
793
597
531
585
472
517
461
160
585
956
883
263
47
746
833
135
305
805
530
428
476
267
965
159
181
802
655
409
891
670
58
793
619
262
602
907
357
811
280
622
324
671
896
31
379
909
989
527
427
443
149
486
297
825
927
714
20
877
608
504
876
308
764
246
630
422
754
746
708
663
305
499
289
654
774
410
314
236
400
708
480
354
434
159
330
335
503
630
704
13
309
715
50
415
847
328
31
841
446
610
321
28
354
923
85
237
139
395
408
456
324
17
917
750
359
763
692
464
803
216
12
319
161
134
785
474
263
22
1
875
747
160
992
86
746
779
259
919
553
269
105
103
487
396
406
835
470
559
913
569
6
996
901
727
762
166
637
162
454
714
968
368
621
54
277
282
82
495
984
626
60
382
377
389
573
631
166
644
963
997
407
317
181
581
687
665
650
109
466
522
658
105
466
123
464
754
764
476
679
443
551
128
482
578
852
420
32
238
113
615
900
3
576
705
107
216
845
921
846
1
140
151
487
118
185
90
232
95
73
974
302
34
101
870
829
611
311
395
790
222
156
126
51
940
770
200
748
832
419
875
529
717
56
675
447
126
337
303
872
873
200
607
531
241
645
945
410
278
444
531
314
523
723
367
966
980
455
150
900
74
527
330
801
869
816
541
320
437
495
247
533
148
941
912
384
939
324
59
53
824
96
690
473
513
313
228
127
328
533
560
728
298
874
956
936
485
377
975
61
22
974
271
131
909
476
319
395
901
69
841
850
708
119
28
461
715
171
874
442
306
55
129
586
484
322
492
723
778
423
373
98
270
643
937
454
806
457
791
471
555
557
7
540
654
894
388
220
814
36
341
365
376
136
661
329
11
163
693
294
582
487
867
732
993
273
506
513
549
832
517
560
873
288
345
897
874
631
566
514
461
665
457
338
772
742
89
542
812
144
804
333
943
595
790
350
682
429
462
785
69
414
12
811
602
529
378
211
292
343
831
905
558
965
738
526
540
548
217
975
146
806
229
835
128
552
306
916
726
435
632
402
586
717
617
827
867
388
792
839
168
371
666
47
570
885
364
981
427
565
728
247
474
320
101
541
621
155
713
218
649
990
782
880
968
418
167
828
647
582
422
624
19
501
491
159
552
284
130
387
62
479
506
338
768
771
326
271
362
926
865
981
590
163
963
799
875
969
130
498
963
499
639
548
824
242
999
469
82
967
18
483
103
517
275
125
679
922
773
285
259
15
182
256
586
861
634
666
383
535
847
978
251
494
264
661
346
927
129
310
149
457
902
123
435
683
720
635
388
906
173
491
188
144
555
807
793
368
785
790
377
734
529
527
850
652
150
24
39
374
478
765
68
231
828
709
519
933
293
1000
899
583
276
380
26
615
964
183
678
730
746
871
844
355
549
997
261
904
179
336
539
37
105
806
100
524
958
973
134
823
613
536
775
156
365
813
168
526
518
539
286
548
674
473
996
931
654
737
288
375
236
443
376
815
903
614
881
229
313
265
636
229
428
760
734
237
379
530
82
347
372
743
228
213
894
103
405
224
9
470
894
548
53
251
467
71
826
216
14
494
721
43
13
595
479
291
857
871
940
455
884
704
19
472
102
606
16
710
739
288
216
736
172
732
210
989
57
659
281
16
129
410
498
537
637
365
849
933
319
710
490
543
522
763
694
696
518
302
645
362
90
725
930
67
206
570
775
877
957
269
181
882
795
518
512
844
337
535
110
107
890
445
882
255
760
991
265
925
784
54
136
879
735
581
216
316
991
35
448
783
779
739
301
235
803
637
455
907
347
277
715
935
254
96
433
979
235
639
537
258
273
261
127
945
541
434
88
886
828
578
936
942
871
960
106
749
755
867
19
569
529
203
363
504
593
853
233
727
253
137
978
308
549
421
709
635
864
306
974
597
545
412
429
719
189
112
474
895
319
973
816
321
798
349
435
767
485
117
303
487
668
192
678
398
352
730
654
666
924
936
701
510
489
781
633
430
226
670
600
490
341
527
201
216
22
279
638
170
438
406
575
550
547
880
923
812
301
809
301
2
597
279
777
139
929
639
170
39
928
976
137
100
175
436
252
274
117
725
72
84
570
620
12
273
158
724
637
618
793
318
15
703
111
749
239
523
109
865
402
198
213
985
64
208
721
993
587
874
312
755
918
785
666
178
508
796
866
410
367
949
799
948
305
964
566
189
386
23
544
349
30
934
228
285
714
706
625
897
403
310
329
958
20
69
517
165
266
971
225
21
757
672
916
175
989
695
767
411
382
693
847
960
898
796
321
480
194
983
337
97
648
840
910
616
372
53
749
577
313
305
697
561
836
183
260
220
664
562
821
130
504
79
142
573
82
940
480
894
244
914
645
13
295
21
954
494
932
388
695
408
447
172
669
466
791
815
907
7
990
946
348
336
603
420
136
448
842
618
997
107
733
863
955
279
977
17
57
613
680
703
175
185
62
326
577
396
690
123
52
723
979
474
864
112
108
149
306
718
390
777
309
995
176
122
492
358
325
183
391
799
875
176
488
46
659
636
97
907
914
159
435
229
163
112
717
726
942
40
384
939
633
190
595
954
658
472
159
532
134
100
849
953
697
397
791
331
938
825
841
811
362
495
62
696
410
590
496
286
94
896
789
458
497
157
962
332
366
236
654
69
512
524
993
664
783
113
919
781
680
539
253
360
839
936
367
745
915
929
211
252
879
393
294
312
881
90
40
101
344
882
766
958
351
971
941
14
904
153
62
288
935
900
586
822
452
461
979
995
548
5
972
572
781
368
54
472
236
209
560
273
341
751
363
563
470
37
271
913
136
352
654
447
987
505
907
641
894
378
205
283
71
317
894
378
117
304
690
623
671
525
183
260
280
398
896
375
498
293
573
499
116
130
291
718
50
206
540
118
792
651
74
236
610
230
317
602
386
805
438
400
447
699
719
442
830
939
482
350
664
273
203
426
544
651
978
794
543
734
1
191
70
269
30
403
343
340
389
336
392
732
422
808
334
15
470
160
58
546
268
510
674
379
27
625
535
520
703
111
53
302
550
985
717
419
364
259
667
851
10
688
52
23
277
579
849
989
919
320
552
1000
196
528
213
775
850
131
589
595
685
736
530
858
887
48
224
538
417
305
898
783
905
270
378
20
544
876
996
800
118
191
205
392
283
426
581
19
61
862
686
219
138
586
560
910
633
281
955
404
865
393
368
723
885
831
93
287
538
703
291
541
839
697
516
478
368
120
430
257
551
741
591
145
639
368
69
598
838
982
243
279
199
254
9
637
57
573
17
522
808
81
649
752
782
491
522
351
661
141
756
174
83
835
116
539
251
615
323
965
932
588
780
142
280
36
161
751
523
861
898
331
70
742
148
477
775
455
338
238
407
446
747
150
360
326
575
324
664
34
783
737
750
696
480
694
560
968
852
797
902
371
605
77
727
593
647
848
383
354
513
735
881
630
367
925
935
649
279
296
147
302
781
516
648
12
662
273
730
158
669
797
279
980
710
301
112
590
397
428
392
489
122
54
153
234
315
14
357
528
613
652
695
118
281
602
998
190
447
413
859
577
570
81
344
282
896
461
69
546
995
310
360
30
305
632
408
214
557
687
823
663
223
811
401
871
175
601
469
752
249
622
319
645
389
214
719
18
295
299
314
585
190
210
850
15
138
416
157
221
279
802
679
657
969
713
845
693
955
571
743
87
663
670
777
776
12
800
991
721
407
283
618
478
568
260
971
478
723
978
658
91
182
339
931
828
901
114
54
883
624
509
266
888
254
467
334
683
409
355
651
209
245
503
529
446
398
152
901
377
589
530
804
677
734
904
646
379
802
355
729
429
636
723
777
118
233
912
498
605
505
842
330
128
357
365
381
316
220
681
421
579
510
373
582
959
220
267
476
106
377
71
330
840
713
297
168
964
901
914
232
279
872
331
397
216
834
184
608
317
366
996
784
415
865
118
821
892
234
537
210
933
896
730
652
424
813
522
651
320
869
275
325
488
178
128
225
919
440
469
822
876
992
541
641
67
283
458
277
960
789
662
250
568
667
817
44
176
746
812
671
5
638
633
180
761
763
462
43
135
132
54
901
830
981
295
796
154
23
187
57
576
568
910
18
751
949
430
462
228
869
945
590
406
882
136
98
185
559
216
805
70
641
89
7
679
235
584
181
863
690
423
334
424
625
389
92
694
418
648
389
793
210
445
830
625
760
706
107
834
602
396
837
646
395
58
448
969
901
602
8
992
631
241
984
59
43
486
574
450
359
240
910
315
773
278
258
33
497
757
987
952
15
292
486
541
431
763
654
435
694
682
626
944
778
454
626
454
281
758
315
949
871
44
981
525
746
278
958
874
299
836
13
600
460
141
380
134
304
242
499
663
739
924
717
275
64
697
241
684
897
977
592
972
990
207
981
468
493
186
382
743
666
668
22
318
939
482
36
556
163
338
995
521
865
99
207
788
980
62
185
82
181
626
999
843
121
677
819
499
546
950
638
110
417
127
601
37
425
953
376
477
523
23
572
118
234
149
691
305
770
449
317
363
290
727
622
702
547
866
427
423
508
630
107
10
92
75
715
121
899
76
774
684
92
454
120
346
787
316
93
965
655
407
754
684
237
938
183
154
553
907
48
11
201
686
895
727
872
364
176
599
91
952
705
589
115
586
451
592
256
269
33
332
151
579
916
208
608
288
824
841
806
435
271
196
995
49
32
57
632
180
180
171
758
129
461
291
892
583
298
757
693
467
179
978
605
457
902
364
376
700
156
48
871
671
500
238
464
44
33
260
944
961
930
168
248
131
350
620
633
674
425
604
334
36
960
795
997
37
813
259
561
980
887
284
167
913
522
788
626
571
502
780
493
710
863
291
653
929
672
563
201
797
452
769
862
346
851
859
139
132
397
786
94
2
950
831
170
95
574
818
974
713
979
469
914
535
70
127
200
792
703
140
357
111
214
178
307
66
839
486
196
473
401
885
429
123
563
231
357
748
795
389
224
556
413
931
108
705
84
265
231
300
512
371
963
225
708
504
503
664
298
192
12
584
438
439
809
515
268
246
331
973
367
688
604
142
358
90
974
215
341
540
877
89
910
516
798
65
513
474
376
151
143
325
294
502
15
92
933
646
60
186
808
821
611
560
630
332
324
270
565
581
60
413
157
890
757
171
507
289
339
849
136
933
755
586
662
982
266
641
471
983
807
989
969
792
670
9
602
98
546
980
476
384
918
647
428
229
641
748
229
800
564
316
412
4
16
937
312
596
361
50
537
731
105
741
890
578
434
22
291
731
148
686
191
738
615
599
823
836
206
995
353
455
144
461
185
497
340
815
729
444
512
634
504
550
246
652
61
384
812
300
111
828
326
689
315
577
754
272
464
596
376
196
306
468
516
944
1
391
994
248
13
995
956
574
720
900
570
400
160
140
495
190
304
426
381
57
219
505
860
687
732
40
596
876
468
826
860
954
649
292
766
232
71
412
281
57
541
129
154
652
959
189
56
9
492
854
123
955
115
348
353
144
415
134
948
181
716
221
771
14
868
650
396
356
371
307
739
176
291
480
953
243
21
668
11
552
69
751
670
553
248
160
308
374
389
256
70
12
197
122
831
433
464
350
64
918
446
165
789
566
590
494
803
883
894
967
452
768
16
191
721
872
622
688
290
773
354
179
349
181
36
644
281
935
400
108
630
540
363
948
36
968
778
271
820
871
143
937
534
732
265
924
519
669
679
465
911
874
393
539
621
20
804
511
72
747
703
679
411
672
710
847
803
193
891
591
248
51
523
998
406
81
364
728
839
674
874
662
54
953
832
131
394
22
497
631
246
874
651
957
57
951
28
975
287
590
84
489
523
890
999
883
935
986
277
927
330
756
352
99
292
821
322
153
737
925
464
297
584
655
110
760
678
398
624
626
164
970
907
338
970
386
550
915
766
164
144
567
861
80
15
652
205
811
226
111
765
134
76
352
353
438
222
853
61
511
319
586
253
698
538
790
472
446
764
706
935
442
401
258
981
832
155
774
836
830
589
554
369
582
634
984
534
909
421
432
139
160
980
190
807
282
358
169
424
394
446
20
165
697
860
229
589
194
646
987
278
130
992
637
139
975
29
246
355
101
560
428
146
715
396
839
854
957
484
967
960
66
727
534
669
69
36
692
401
929
191
794
519
629
749
174
406
143
921
789
339
429
427
566
487
742
178
323
998
663
390
11
508
858
604
411
979
305
255
523
901
32
807
196
122
288
945
39
7
408
803
217
963
54
954
307
831
412
298
381
498
997
505
626
270
478
552
999
634
145
423
853
565
781
508
639
580
634
48
117
56
360
278
526
191
671
473
596
725
936
121
337
582
867
481
648
339
354
232
7
847
370
865
624
629
594
450
158
736
989
934
140
734
57
103
401
66
457
11
32
573
728
362
228
560
348
786
713
432
930
382
781
430
1000
9
750
242
653
795
757
939
717
679
824
902
577
105
301
793
35
46
545
3
223
433
473
50
540
679
176
904
434
921
552
698
990
132
956
342
977
62
593
617
431
998
140
555
402
32
238
448
415
181
21
835
376
123
676
721
513
510
771
391
126
466
417
880
9
308
869
575
554
580
620
230
254
625
645
169
394
449
569
770
241
339
86
34
529
420
98
904
468
41
188
193
18
775
822
556
76
773
966
744
395
795
925
885
167
922
943
348
660
927
416
476
214
941
368
778
53
558
661
84
75
750
288
650
779
788
906
305
860
197
948
949
474
807
693
147
366
439
38
136
300
47
2
578
322
128
449
705
496
159
987
305
482
447
458
486
699
156
801
36
724
487
721
43
994
323
114
99
798
402
397
154
109
564
360
295
608
318
163
970
622
403
144
578
901
394
784
906
311
923
695
465
25
143
537
340
895
155
255
955
139
448
497
989
453
403
320
792
524
396
955
425
3
941
350
564
118
513
956
321
603
630
657
275
438
680
498
6
341
252
528
508
354
941
559
300
743
335
460
745
339
190
525
786
43
33
883
250
468
801
571
518
940
384
818
599
496
784
486
468
440
497
953
605
695
877
984
757
143
540
387
493
425
448
45
801
962
532
930
610
297
766
944
535
932
189
855
305
434
753
26
322
300
638
655
744
469
436
347
515
121
279
982
673
601
870
150
299
564
145
56
254
841
964
777
80
608
762
402
956
137
272
498
564
909
984
157
882
585
414
146
587
392
19
219
672
656
59
93
163
965
789
912
10
25
551
576
419
293
731
249
101
41
713
682
774
111
930
208
894
878
895
691
991
842
268
469
327
625
701
710
612
993
571
910
556
588
226
282
597
429
842
927
655
893
632
85
52
758
737
514
881
681
211
48
261
946
455
496
146
897
302
509
524
308
103
438
261
87
27
467
283
62
93
969
839
361
225
768
19
790
416
897
23
821
197
709
375
876
976
473
957
427
460
334
758
954
78
92
452
518
380
159
592
258
920
562
985
962
88
895
86
659
756
296
35
159
627
328
939
52
769
155
843
76
337
668
119
111
187
749
931
516
843
761
488
247
366
390
417
668
49
838
104
625
288
420
770
370
343
275
548
614
936
546
561
463
722
884
673
335
11
948
103
422
210
838
159
199
795
649
146
594
784
544
863
749
672
80
824
395
110
163
454
566
473
723
482
185
299
354
650
814
881
526
180
327
310
642
729
968
100
600
233
129
912
331
255
753
209
112
344
597
37
484
254
969
935
736
724
253
441
802
861
185
321
558
573
395
708
321
835
413
804
813
73
324
287
417
586
770
710
504
567
885
654
82
630
913
742
31
392
304
621
407
237
530
984
496
727
352
254
407
647
201
792
143
535
375
239
887
918
884
259
701
241
543
406
576
588
547
595
996
189
566
894
615
545
54
274
264
837
647
145
575
243
442
747
327
951
240
893
320
541
444
37
946
609
22
257
915
755
419
289
729
365
650
799
636
202
658
833
658
196
447
64
262
290
731
273
843
677
816
678
810
781
708
976
787
876
742
762
991
511
389
941
372
221
160
980
306
157
296
707
243
1000
697
409
624
376
791
151
982
268
566
900
519
345
82
718
340
342
20
911
384
316
46
554
872
592
717
480
343
239
709
844
662
557
908
319
873
841
420
608
652
632
268
468
92
293
32
174
826
666
428
203
114
214
152
460
74
3
149
97
949
666
822
271
744
774
9
309
252
418
837
505
690
95
286
434
565
501
187
833
976
861
337
777
520
354
840
696
612
458
803
465
770
212
805
24
259
640
799
9
630
613
286
125
131
83
145
386
461
798
768
109
82
539
176
783
151
106
483
545
244
64
620
910
952
592
872
100
293
278
776
733
139
960
875
160
531
673
200
199
337
706
545
550
253
463
772
863
187
724
659
724
502
834
379
210
795
970
377
46
505
109
896
39
79
598
296
727
766
516
272
991
286
287
900
774
436
894
985
350
760
595
621
732
204
668
61
650
865
103
710
282
708
585
908
129
278
187
209
37
769
273
133
837
869
696
644
236
299
884
541
801
217
571
982
901
116
161
677
410
444
17
377
525
633
509
192
224
955
635
970
695
447
724
194
748
389
305
884
345
102
180
161
250
636
8
600
852
993
7
568
518
697
262
696
714
420
750
703
376
339
322
319
352
836
440
459
841
857
374
882
187
498
563
428
870
163
119
809
348
888
863
57
626
820
633
214
270
537
296
253
373
194
788
300
340
845
378
565
337
428
932
960
542
82
492
48
512
426
202
427
914
195
712
797
49
305
950
734
332
421
182
359
259
860
694
125
200
116
142
548
342
251
725
636
28
634
357
273
542
959
967
412
441
496
196
303
689
491
833
838
89
67
117
313
53
388
987
230
463
304
111
587
765
586
863
505
548
999
863
196
203
444
897
999
22
251
279
884
748
231
878
1
144
63
441
526
161
136
599
739
702
50
538
943
658
60
229
827
207
300
681
892
979
390
356
943
716
526
302
815
856
489
369
99
509
389
725
803
794
322
278
640
944
920
563
811
745
127
755
981
307
613
37
630
433
401
924
274
783
103
53
37
871
165
743
215
693
66
246
883
843
286
540
145
762
909
197
148
790
597
189
565
220
806
104
798
154
393
693
419
907
737
480
138
391
982
51
3
115
753
616
859
841
306
998
467
671
493
581
861
628
563
295
118
565
596
45
79
123
354
628
197
702
96
474
521
994
714
417
714
268
607
286
214
889
216
678
128
147
908
95
283
505
916
382
140
338
770
554
997
422
991
939
206
329
193
1000
623
541
987
733
656
442
382
637
441
373
190
794
805
307
671
502
65
368
86
20
275
632
868
992
821
544
797
584
401
410
95
590
423
564
686
515
25
724
148
513
223
546
670
781
182
314
217
7
876
764
891
151
895
306
551
438
131
221
16
310
18
620
358
367
189
243
918
999
289
732
356
637
957
836
812
915
96
44
951
525
295
162
504
506
908
308
197
214
690
313
899
233
117
292
739
424
222
941
577
878
172
982
947
718
23
239
142
256
453
366
299
630
919
111
417
585
446
539
660
733
743
760
924
781
390
821
808
853
646
976
889
738
22
54
683
544
207
631
542
872
867
491
179
59
424
357
498
656
649
770
656
238
149
702
773
831
537
484
964
721
976
887
139
553
483
25
114
654
180
751
929
984
988
1000
578
499
373
89
718
140
217
350
731
630
409
606
395
81
794
540
688
577
793
645
619
350
719
299
764
61
944
277
963
498
389
360
733
328
42
615
490
127
706
370
451
65
118
510
122
89
548
321
562
784
708
16
44
749
310
167
299
545
975
156
920
356
147
992
127
583
340
811
970
287
296
971
692
986
665
432
621
258
886
440
356
331
862
258
964
683
276
9
173
53
823
679
475
25
841
123
196
244
687
824
322
495
359
996
208
358
765
442
394
8
737
572
989
990
178
168
869
106
718
221
517
566
681
467
593
397
274
77
744
434
806
732
541
963
444
249
261
905
71
542
971
847
906
641
670
77
93
926
356
880
414
897
64
767
195
949
214
484
836
523
64
190
493
562
945
687
593
695
918
495
378
617
900
508
589
708
397
619
395
632
989
712
673
654
64
237
937
751
510
627
577
744
822
899
338
157
32
391
715
609
7
67
315
143
323
969
638
145
45
237
647
130
803
85
915
562
715
452
998
366
829
797
823
761
953
310
190
819
383
792
62
915
101
929
166
364
203
564
857
202
858
670
853
392
683
198
561
576
525
840
911
6
726
301
145
697
306
99
944
838
745
61
759
754
259
23
990
884
39
672
690
590
729
19
762
134
153
820
709
829
56
52
551
619
814
697
34
180
15
821
873
643
380
609
200
250
229
423
655
555
644
17
702
438
37
632
578
880
209
340
956
956
746
813
795
392
753
804
184
231
267
314
304
950
554
666
502
269
39
53
334
413
878
147
39
152
874
704
144
777
567
859
635
937
206
998
326
179
523
762
54
869
82
179
230
283
56
932
414
498
766
934
671
333
616
346
634
776
124
881
184
695
782
275
204
257
488
756
789
943
615
712
512
467
505
135
42
278
82
617
626
90
861
398
485
793
791
250
315
648
688
620
183
124
11
26
941
407
709
323
35
535
26
400
2
988
907
568
494
115
971
974
960
291
361
377
613
811
976
896
319
935
449
456
801
477
474
571
720
120
464
359
829
608
464
64
136
140
244
531
894
198
913
800
186
929
76
178
986
777
668
7
936
438
91
311
689
671
263
10
339
351
253
739
703
631
597
699
517
784
424
483
487
850
606
778
374
982
708
870
201
677
370
475
804
939
475
989
900
860
613
324
448
769
161
163
692
502
573
845
343
123
148
469
804
149
895
912
390
977
548
801
565
396
5
728
621
762
932
744
173
521
762
627
861
865
783
221
40
626
339
354
121
394
579
749
50
641
7
574
760
91
681
782
931
122
184
50
89
974
290
418
41
514
912
53
933
867
115
379
896
471
772
486
279
392
657
158
861
796
412
456
271
394
125
114
174
171
64
565
234
467
817
544
699
66
548
757
147
220
985
210
400
809
252
286
485
441
651
333
560
576
280
194
454
962
958
160
403
571
97
286
238
205
838
381
640
519
745
623
301
159
150
61
635
108
567
172
559
906
771
198
624
914
272
137
171
949
192
878
941
470
430
696
887
817
916
782
107
44
293
135
478
24
637
665
806
236
40
982
450
550
256
132
936
142
224
375
841
850
629
190
81
432
149
358
475
59
119
647
777
292
698
961
217
148
586
914
500
204
804
111
152
218
803
292
829
784
155
738
892
922
371
204
330
836
696
342
197
806
852
35
686
93
357
817
236
943
209
203
249
818
591
459
878
233
314
314
986
604
239
693
727
643
701
149
373
1000
772
556
360
974
5
447
493
185
370
804
986
803
191
833
291
528
909
126
336
471
152
225
947
902
326
396
168
329
735
741
214
638
484
898
970
24
385
294
106
821
348
501
415
974
95
624
435
732
314
669
906
929
57
926
478
938
845
228
98
127
526
104
400
683
734
85
118
743
561
430
122
182
744
648
271
524
973
235
568
568
81
346
113
483
121
396
716
491
552
895
121
241
149
345
375
460
908
418
639
503
539
849
737
6
651
993
550
112
334
111
11
681
847
931
511
847
525
65
420
791
354
491
665
876
784
629
544
435
347
92
987
501
442
467
66
266
878
260
487
262
957
128
227
371
648
267
817
267
224
735
816
96
640
819
670
891
596
143
943
925
583
455
13
821
290
481
698
126
512
877
456
387
14
753
730
890
520
574
339
51
511
306
604
540
622
211
740
698
436
324
863
558
884
639
377
241
575
671
300
53
388
457
996
426
445
967
932
762
851
672
114
298
820
239
573
621
592
375
807
166
700
272
13
970
741
192
995
703
982
713
644
629
397
106
991
648
879
453
558
431
884
485
48
772
413
754
358
368
194
27
907
410
880
422
52
796
551
903
335
219
498
842
264
337
960
846
910
712
975
145
572
821
608
874
547
854
597
831
524
689
903
963
892
187
933
819
73
138
534
102
697
608
191
527
705
812
897
376
259
486
497
981
313
95
699
986
365
507
121
649
323
852
172
804
478
988
30
123
623
727
550
627
933
106
562
604
662
484
427
724
867
535
754
725
457
867
128
752
892
752
684
421
942
509
893
585
989
330
847
89
43
30
619
145
151
262
910
548
680
499
259
415
490
598
693
758
945
603
885
794
250
320
338
126
322
624
6
909
45
984
348
675
512
132
816
548
915
759
983
324
414
806
342
347
668
152
790
164
253
652
668
819
589
871
359
474
514
817
595
878
691
570
514
666
819
422
226
712
837
362
586
127
914
633
181
70
837
72
297
387
408
187
794
784
79
114
232
466
258
667
719
944
945
37
748
533
23
350
493
617
497
602
633
482
928
544
871
947
522
99
451
54
758
986
795
491
270
116
287
13
47
860
439
301
388
92
343
854
193
241
741
540
163
883
538
105
669
7
399
421
781
627
407
554
597
86
282
122
333
353
51
621
573
510
223
786
40
227
805
25
853
931
669
251
895
218
265
655
692
2
368
531
851
895
473
482
310
155
973
919
367
710
701
951
735
814
82
156
458
103
876
972
982
104
722
940
337
658
64
18
362
917
711
454
984
136
550
436
560
253
102
792
954
807
539
638
610
753
78
318
124
412
775
873
728
812
560
490
654
615
773
115
907
4
568
779
721
252
49
897
36
503
466
144
113
279
216
31
569
649
917
780
115
565
195
860
600
226
771
833
504
566
83
793
522
658
46
583
528
927
766
840
265
615
204
28
864
850
320
366
249
27
332
586
764
694
338
491
90
800
127
958
644
883
895
694
956
965
447
204
115
364
249
291
81
144
746
694
322
132
728
223
838
307
311
100
425
587
890
704
481
785
135
747
847
585
123
967
252
119
69
208
404
887
415
615
872
69
606
892
437
386
603
645
98
756
49
943
824
641
791
983
906
920
784
254
219
36
701
447
918
413
245
742
593
285
939
591
795
764
53
320
276
360
869
484
716
156
56
53
275
284
531
117
824
538
230
81
605
449
681
315
256
748
955
362
164
537
25
80
677
863
163
536
307
273
682
650
542
830
326
92
248
526
612
510
696
724
733
738
386
499
417
751
459
646
90
625
339
583
542
318
675
699
147
719
214
993
319
745
236
349
80
967
913
286
925
38
781
184
832
340
300
526
435
950
533
968
879
845
832
364
812
908
673
708
19
721
609
708
767
797
923
295
753
106
460
125
539
864
300
755
12
748
137
719
442
141
274
14
254
92
641
363
905
448
82
326
637
90
856
680
86
140
55
630
367
97
508
177
57
689
88
745
773
404
571
713
491
608
174
971
27
641
193
369
873
379
850
45
94
135
495
246
713
616
363
912
92
241
100
78
842
13
486
150
543
202
96
585
288
474
43
405
898
904
523
385
654
300
702
957
906
91
666
212
346
110
892
335
493
540
338
135
765
943
369
342
14
344
282
722
7
88
632
959
790
877
821
520
822
437
994
274
116
793
429
245
320
177
357
208
22
480
121
512
691
500
302
812
5
348
431
808
484
758
407
468
557
116
642
857
284
874
449
407
265
103
844
782
252
166
882
967
483
240
349
533
618
519
648
926
697
281
778
208
969
607
644
810
64
473
142
176
701
417
864
602
341
184
60
466
892
88
881
560
695
880
641
579
253
461
692
542
166
547
214
813
684
376
148
803
302
769
444
138
580
268
394
365
708
481
175
37
539
869
787
375
999
428
107
470
417
114
126
58
808
855
569
236
48
173
627
148
514
519
98
74
253
983
52
398
186
196
690
52
357
159
759
887
143
880
462
609
768
850
785
444
770
783
862
56
993
745
940
770
111
895
243
949
236
128
841
431
938
583
81
754
214
714
814
910
195
809
126
80
128
72
217
521
810
721
417
526
84
649
171
135
450
149
219
518
302
681
398
157
697
380
441
132
59
156
591
446
470
881
911
464
941
329
36
821
154
328
133
329
364
121
701
448
551
621
902
9
806
838
86
68
187
545
708
773
991
230
355
909
21
174
869
644
681
152
155
684
959
495
784
741
181
660
566
705
218
747
520
595
504
989
22
440
956
353
23
146
999
351
705
293
84
323
12
168
538
322
580
762
604
781
525
199
332
319
169
325
566
60
29
663
496
23
666
117
944
792
151
846
797
449
43
547
847
356
320
489
667
859
851
179
583
315
504
914
420
589
171
594
544
946
505
490
899
403
157
255
202
51
190
509
743
105
797
68
362
493
973
738
496
382
907
211
394
854
909
954
593
755
487
787
748
587
432
343
588
35
643
162
367
980
657
44
384
179
252
738
704
19
927
752
662
848
617
86
162
771
352
668
311
845
58
347
158
706
374
522
135
668
761
577
987
785
389
470
901
178
468
930
702
432
418
390
48
765
144
727
74
237
749
163
267
991
191
512
946
203
951
128
57
338
923
978
657
389
36
487
17
187
632
807
968
546
50
513
402
377
613
492
784
591
184
652
447
444
211
516
611
843
311
636
253
384
884
855
15
380
924
300
560
953
36
703
314
156
459
196
409
271
795
383
686
607
509
386
298
593
329
604
950
988
739
275
815
579
880
726
943
282
87
521
198
761
485
277
896
898
377
843
631
123
391
261
457
289
744
698
781
97
990
844
423
524
221
672
675
358
340
705
766
459
491
920
824
111
143
805
261
848
753
707
674
347
149
699
469
567
101
559
190
210
973
112
42
934
450
655
566
335
332
517
120
883
427
968
240
367
181
306
366
378
141
599
102
633
111
603
574
479
920
21
40
621
915
996
26
973
430
973
875
39
307
886
216
351
218
970
133
732
500
449
607
149
634
843
333
753
356
306
247
587
765
641
935
849
460
924
445
984
814
757
814
765
398
784
324
506
742
188
520
675
895
999
948
964
117
348
245
849
966
364
566
1
433
966
296
144
603
860
677
904
308
76
836
43
120
527
990
904
322
258
735
847
667
814
288
930
816
694
393
787
497
172
77
764
342
121
926
535
132
168
398
282
645
5
599
238
54
375
835
349
554
398
109
397
307
379
816
893
664
452
702
435
218
240
784
8
209
621
37
97
964
99
94
283
86
956
894
113
99
979
846
861
969
359
14
17
572
770
192
57
234
874
311
879
245
683
693
833
975
838
353
763
703
339
143
389
481
526
274
402
4
41
429
564
589
662
967
494
521
575
644
880
496
700
408
489
157
80
278
20
898
89
79
601
24
42
735
998
60
486
729
882
821
755
658
911
761
185
491
1
759
350
504
575
328
799
997
237
807
37
984
507
615
609
650
278
468
469
407
761
937
705
470
632
872
767
402
824
313
332
342
830
474
451
695
171
596
519
411
625
902
620
663
780
123
339
702
111
702
648
606
42
886
858
621
134
412
671
833
181
881
57
436
217
845
585
846
471
418
574
572
974
247
154
23
18
848
522
8
648
899
672
623
86
349
774
50
689
491
728
210
153
181
215
842
909
140
78
241
286
164
595
431
627
589
427
203
81
819
186
739
557
990
631
717
759
844
160
26
204
57
902
59
704
585
911
235
582
532
332
564
567
344
199
549
274
477
308
657
221
217
552
51
977
980
650
293
531
661
428
848
932
619
389
558
79
697
839
307
298
9
953
778
499
65
496
388
952
298
943
267
259
965
727
292
640
672
132
419
501
422
31
656
125
5
601
496
904
233
379
583
747
598
231
40
455
130
114
111
233
993
792
365
669
170
572
475
8
975
11
867
17
58
412
791
154
762
398
212
641
845
446
705
597
279
123
914
504
833
776
602
904
765
5
637
137
86
146
835
155
972
138
680
347
756
415
880
384
711
480
808
533
361
876
672
574
377
113
748
632
449
286
362
18
931
33
29
186
27
438
896
789
996
492
799
639
746
901
519
971
303
155
270
663
561
778
533
392
992
341
170
725
5
760
793
314
838
127
91
644
871
618
919
628
394
31
196
993
927
282
921
302
615
250
827
518
73
971
454
375
279
787
447
546
347
395
542
477
443
189
665
115
341
581
666
826
835
557
195
358
287
504
688
830
906
827
443
587
45
195
534
225
107
15
688
699
710
891
402
247
254
85
475
579
744
1000
40
531
307
11
303
889
982
310
82
23
757
736
946
187
402
775
521
928
743
917
649
909
354
227
395
124
226
29
255
833
982
921
194
212
709
205
286
598
200
933
651
580
827
94
963
971
466
402
571
248
568
480
454
666
59
631
412
743
380
423
167
167
410
148
470
625
141
832
98
353
464
787
293
306
137
137
827
645
818
249
377
638
929
334
162
568
973
140
265
917
15
712
720
3
384
228
991
854
673
878
712
814
356
827
750
245
378
397
526
447
983
271
934
262
799
537
883
130
268
573
958
105
407
812
382
240
899
189
353
638
266
907
635
833
799
362
281
640
395
262
512
60
419
417
847
332
206
743
563
995
908
286
232
368
641
135
629
618
505
204
112
830
838
789
361
975
173
139
659
176
527
800
724
697
683
801
918
483
593
842
918
866
225
340
162
526
625
141
48
910
885
20
361
26
9
711
172
610
346
819
351
673
51
671
304
920
612
550
873
240
604
447
562
632
495
202
385
910
2
242
228
246
195
433
623
437
206
533
289
840
122
893
313
950
427
359
278
982
784
418
11
223
724
210
745
362
434
405
319
382
489
641
293
744
15
288
614
884
594
58
132
116
721
765
141
444
66
731
699
848
773
505
105
259
597
399
121
957
694
200
186
471
697
600
39
374
277
293
731
82
464
67
272
618
508
448
368
342
540
569
530
193
93
455
766
721
186
594
708
3
463
464
613
848
959
153
197
502
289
882
161
236
749
733
987
815
621
417
764
882
198
587
801
629
166
321
518
172
559
287
878
602
641
840
869
963
414
722
413
891
495
254
964
446
348
794
607
533
41
621
903
754
460
559
858
960
274
634
933
649
809
617
549
629
952
540
317
964
803
837
401
81
571
626
73
364
522
599
289
458
260
815
557
322
41
391
778
958
71
551
120
732
484
758
91
193
929
441
273
737
42
631
950
661
721
732
722
905
507
184
244
896
442
884
873
7
338
304
693
524
543
963
977
177
675
560
453
952
646
778
845
372
814
796
679
185
550
296
749
322
898
49
726
29
80
246
927
477
906
798
46
180
176
275
807
707
619
445
943
95
924
84
766
250
635
600
826
771
780
976
502
218
91
270
601
852
952
308
459
304
638
349
50
972
461
498
35
591
23
423
869
883
224
73
23
958
822
23
785
798
312
898
191
742
603
179
34
178
63
175
929
75
737
617
254
271
178
252
539
728
244
899
306
31
820
592
316
285
410
541
793
286
70
218
454
666
798
803
925
921
402
533
110
435
96
550
139
633
394
310
546
243
21
549
315
831
157
691
665
770
853
902
846
919
186
755
182
530
495
284
526
743
211
786
53
59
766
887
936
454
107
819
372
572
303
146
876
647
592
710
419
851
368
677
627
613
625
905
436
729
578
216
336
974
496
297
131
320
888
970
8
786
544
480
94
942
205
51
385
203
15
13
21
26
257
920
918
917
845
601
922
83